58241e100
58161e100
57ee1e100
57e41e100
57dc1e100
57d61e100
57a01e100
57921e100
577c1e100
574e1e100
57481e100
57381e100
570a1e100
56f41e100
56c61e100
566c1e100
565e1e100
56281e100
56821e100
55901e100
561a1e100
