583c326c0
5834326c0
580e326c0
5806326c0
57fc326c0
57ce326c0
57ca326c0
57b8326c0
578a326c0
5764326c0
5756326c0
5720326c0
5712326c0
56ec326c0
56de326c0
5674326c0
5670326c0
5566326c0
5630326c0
5642326c0
5646326c0
